#Loop_length	position	psi	phi
4	0	136.01	-133.25
4	0	168.85	-83.84
4	1	83.77	36.15
4	1	169.09	-87.30
4	2	17.65	-68.18
4	2	-15.24	81.02
4	3	-41.01	-73.28
4	3	128.51	-55.19
5	0	136.38	-151.18
5	0	-171.50	-62.70
5	0	135.53	-90.82
5	0	109.08	-157.53
5	0	120.98	-121.27
5	0	134.23	-129.24
5	0	136.04	-41.67
5	1	142.45	-55.40
5	1	103.72	-111.35
5	1	56.09	50.21
5	1	-176.72	-73.98
5	1	56.37	-83.24
5	1	105.36	-53.91
5	1	119.20	-116.84
5	2	54.07	48.85
5	2	128.82	-77.01
5	2	36.16	42.83
5	2	-85.73	-98.02
5	2	148.14	-101.36
5	2	100.65	-39.81
5	2	35.11	-78.87
5	3	-170.50	-101.21
5	3	107.95	27.32
5	3	118.28	-141.91
5	3	6.94	42.50
5	3	-33.25	72.95
5	3	-127.91	-78.76
5	3	-170.22	-147.82
6	0	141.89	-121.24
6	0	121.65	-135.42
6	0	148.20	-131.48
6	0	75.23	42.33
6	0	137.04	-111.66
6	0	137.23	-127.12
6	1	136.14	-87.28
6	1	45.30	57.39
6	1	153.87	-138.11
6	1	-68.46	-157.47
6	1	129.14	-149.49
6	1	117.24	-64.30
6	2	-179.51	-109.97
6	2	1.23	-102.31
6	2	162.81	-154.57
6	2	-160.88	-68.98
6	2	-128.13	122.71
6	2	117.66	-57.87
6	3	-76.40	74.14
6	3	-0.28	-77.85
6	3	138.82	-145.70
6	3	-28.93	-85.50
6	3	41.10	45.99
6	3	-160.64	70.88
7	0	148.45	-158.50
7	0	143.80	-159.86
7	0	133.28	-138.00
7	0	120.30	-129.27
7	0	-48.10	-55.96
7	0	134.25	-102.10
7	0	137.73	-136.99
7	0	125.71	-130.21
7	0	128.75	-147.18
7	0	148.26	-116.61
7	0	134.73	-120.81
7	0	138.67	-137.14
7	0	127.23	-138.12
7	0	127.01	-107.77
7	0	154.91	-124.68
7	0	126.48	-130.75
7	0	141.90	-147.78
7	1	130.81	-81.96
7	1	106.35	-61.98
7	1	111.85	-123.69
7	1	152.71	-123.50
7	1	89.44	-99.43
7	1	132.62	-79.55
7	1	133.19	-159.70
7	1	97.33	-134.78
7	1	177.94	-163.14
7	1	141.15	-145.32
7	1	120.59	-137.23
7	1	153.95	-144.97
7	1	135.53	-142.71
7	1	82.06	-122.10
7	1	155.25	168.60
7	1	140.49	-139.51
7	1	138.35	-60.89
7	2	50.90	-138.74
7	2	33.15	-131.70
7	2	85.52	-101.81
7	2	-178.40	-165.68
7	2	-170.96	-144.98
7	2	179.43	-69.09
7	2	165.05	-157.71
7	2	151.74	-177.53
7	2	165.39	-164.82
7	2	156.59	-88.31
7	2	154.01	-107.59
7	2	162.05	-150.55
7	2	140.87	-78.57
7	2	7.83	-119.89
7	2	-162.18	-94.38
7	2	158.55	-135.40
7	2	20.24	-142.20
7	3	-8.16	87.72
7	3	-25.06	-70.21
7	3	-12.11	-71.45
7	3	30.28	-126.57
7	3	-31.72	-168.53
7	3	112.78	-116.75
7	3	5.93	-107.40
7	3	-14.49	-97.09
7	3	24.38	-74.26
7	3	-12.53	84.35
7	3	-3.46	-83.06
7	3	-24.94	-80.16
7	3	-33.78	-57.37
7	3	33.36	60.28
7	3	-16.18	-135.15
7	3	-6.23	-128.12
7	3	23.85	51.56
8	0	114.11	-117.79
8	0	120.55	-126.91
8	0	121.42	-126.45
8	0	111.97	63.43
8	0	132.11	-117.36
8	0	126.01	-130.29
8	0	124.19	-129.14
8	0	142.89	-152.06
8	0	135.64	-130.61
8	0	125.55	-116.25
8	0	118.13	-141.92
8	0	109.91	-156.61
8	0	131.51	-165.48
8	0	123.08	-136.33
8	0	143.32	-142.52
8	1	150.92	86.42
8	1	147.49	95.30
8	1	148.86	99.20
8	1	-32.03	-97.33
8	1	115.31	-121.31
8	1	156.23	104.88
8	1	146.11	98.90
8	1	117.34	-134.09
8	1	102.76	-174.35
8	1	151.36	84.61
8	1	157.41	102.10
8	1	131.69	-49.27
8	1	132.04	-46.62
8	1	159.93	91.87
8	1	133.30	-54.58
8	2	-10.00	-66.65
8	2	-15.01	-74.25
8	2	-22.60	-58.72
8	2	149.49	-97.71
8	2	88.29	-108.03
8	2	-8.16	-91.99
8	2	-7.71	-79.32
8	2	132.99	-144.95
8	2	-179.93	-178.98
8	2	-23.55	-57.23
8	2	-16.28	-61.47
8	2	24.55	-104.22
8	2	-4.74	-100.58
8	2	-14.33	-76.42
8	2	1.87	-88.40
8	3	166.44	-79.85
8	3	173.20	-75.88
8	3	164.33	-77.01
8	3	156.90	-142.62
8	3	-12.17	-89.09
8	3	173.69	-71.61
8	3	170.33	-74.11
8	3	-22.56	-81.13
8	3	-20.05	-86.01
8	3	165.68	-106.84
8	3	162.36	-101.39
8	3	-25.59	-61.12
8	3	2.95	-75.80
8	3	173.43	-85.40
8	3	-11.87	-69.34
9	0	164.82	-152.82
9	0	146.98	-121.74
9	0	143.99	-134.80
9	0	124.38	-129.86
9	0	120.06	-140.83
9	1	140.13	-91.09
9	1	138.99	-119.19
9	1	146.66	-133.16
9	1	95.17	-25.57
9	1	137.91	-67.84
9	2	24.39	-95.68
9	2	161.39	-75.35
9	2	148.75	-130.78
9	2	-51.65	125.96
9	2	16.03	-97.14
9	3	-16.39	-67.80
9	3	-160.44	66.38
9	3	67.00	70.80
9	3	155.24	-65.31
9	3	-28.71	-65.78
10	0	140.89	-139.79
10	0	135.52	-138.27
10	0	118.07	-130.39
10	0	119.57	-135.73
10	0	128.22	-113.07
10	0	-31.00	-56.32
10	0	130.12	-92.13
10	0	168.81	-126.13
10	0	151.10	-31.22
10	0	113.96	-145.69
10	0	110.09	-95.56
10	0	108.89	-147.57
10	0	138.68	-97.82
10	0	136.28	-111.35
10	1	146.31	-121.12
10	1	138.00	-136.84
10	1	147.71	-126.19
10	1	123.76	-45.98
10	1	138.90	-147.94
10	1	163.38	-95.27
10	1	159.00	-74.17
10	1	174.13	-81.55
10	1	122.30	-103.95
10	1	162.09	-76.26
10	1	122.35	-107.68
10	1	165.38	161.93
10	1	125.23	-129.01
10	1	136.66	-72.20
10	2	129.14	-131.12
10	2	88.31	-111.96
10	2	-43.49	-76.07
10	2	25.01	67.77
10	2	150.14	-137.63
10	2	-144.75	-103.00
10	2	131.13	-93.09
10	2	163.59	-137.04
10	2	132.68	-94.62
10	2	88.66	-134.96
10	2	157.31	-145.10
10	2	-65.79	-72.47
10	2	126.20	-138.97
10	2	164.93	-128.10
10	3	155.05	-105.29
10	3	14.87	-69.04
10	3	145.18	-158.38
10	3	171.04	-84.46
10	3	-6.32	-82.24
10	3	147.62	-75.50
10	3	-49.10	-81.84
10	3	-154.10	178.53
10	3	-174.76	-77.27
10	3	-64.74	-165.84
10	3	-43.68	-67.98
10	3	178.71	-70.43
10	3	21.00	-86.56
10	3	144.84	-123.10
11	0	136.62	-83.50
11	0	126.07	-109.36
11	0	137.43	-135.15
11	0	110.21	-125.19
11	0	154.52	-136.38
11	1	124.66	-140.23
11	1	136.25	-95.88
11	1	166.49	-118.65
11	1	159.28	-54.60
11	1	150.22	-112.09
11	2	153.48	-170.32
11	2	174.37	106.12
11	2	123.37	-174.74
11	2	157.20	-149.23
11	2	145.61	-89.00
11	3	160.78	-74.58
11	3	37.13	-119.28
11	3	150.85	-157.50
11	3	-164.73	61.78
11	3	124.33	-68.00
12	0	141.98	-112.80
12	0	142.07	-121.73
12	0	135.75	-126.67
12	0	123.91	-137.04
12	0	141.85	-146.22
12	0	160.37	-138.94
12	0	124.42	-110.98
12	0	139.90	-107.95
12	0	126.65	-121.87
12	0	153.68	-115.55
12	1	148.22	-62.04
12	1	113.56	-131.26
12	1	140.35	-100.63
12	1	135.78	-61.72
12	1	165.00	-123.12
12	1	130.55	-150.31
12	1	121.36	-98.25
12	1	142.75	-112.05
12	1	91.95	-66.14
12	1	155.25	-77.07
12	2	10.78	-98.34
12	2	125.00	-88.07
12	2	144.37	-147.09
12	2	136.29	-96.38
12	2	170.32	-144.37
12	2	112.00	-120.39
12	2	118.24	-72.95
12	2	144.48	-152.31
12	2	-0.39	-144.16
12	2	-22.56	102.52
12	3	-10.20	-71.47
12	3	132.45	-70.63
12	3	161.24	-125.76
12	3	147.06	-119.61
12	3	147.45	-66.50
12	3	144.36	-68.88
12	3	117.47	-108.86
12	3	160.07	-63.02
12	3	-57.15	-62.25
12	3	130.66	-51.72
13	0	121.53	-92.49
13	0	160.91	-78.94
13	0	144.68	-159.59
13	0	138.49	-107.50
13	0	143.25	-125.48
13	1	57.89	-139.09
13	1	127.42	-95.76
13	1	151.83	63.51
13	1	124.35	-140.56
13	1	147.87	-129.20
13	2	161.81	-114.91
13	2	130.55	-84.42
13	2	-43.80	-125.45
13	2	122.55	-74.89
13	2	128.14	-116.14
13	3	117.60	-127.15
13	3	157.67	-79.85
13	3	-127.74	66.93
13	3	41.17	57.67
13	3	128.75	-75.65
14	0	133.77	-127.86
14	0	172.61	-66.38
14	0	-175.44	-84.66
14	0	147.80	-129.50
14	0	124.49	-135.50
14	1	140.34	-86.80
14	1	120.02	-106.87
14	1	118.84	-67.69
14	1	115.24	-143.00
14	1	170.99	-156.70
14	2	142.73	-54.45
14	2	116.01	-83.40
14	2	96.12	-125.11
14	2	-12.46	-99.08
14	2	179.08	-145.58
14	3	160.56	-123.86
14	3	128.20	-91.98
14	3	141.69	-34.12
14	3	118.10	-110.32
14	3	141.39	-73.98
15	0	150.61	-111.14
15	0	132.16	-134.24
15	0	92.14	150.03
15	1	127.12	-133.97
15	1	145.85	-73.97
15	1	-158.89	-104.11
15	2	158.49	-133.67
15	2	126.37	-51.71
15	2	137.49	-165.81
15	3	142.18	-77.88
15	3	142.87	-79.84
15	3	147.25	118.27
16	0	158.79	-141.67
16	1	158.59	-80.78
16	2	154.29	-71.63
16	3	159.71	-72.92
18	0	138.72	-124.39
18	1	92.62	-73.54
18	2	-13.96	-75.37
18	3	36.77	55.65
