#Loop_length	position	psi	phi
4	0	126.49	-154.29
4	0	131.36	-137.27
4	0	140.91	-133.04
4	0	136.50	-120.89
4	0	110.93	-119.23
4	0	142.16	13.10
4	0	126.73	-132.70
4	0	122.59	-138.91
4	0	119.56	-102.48
4	0	131.20	-112.26
4	0	124.48	-114.92
4	0	145.50	-133.36
4	0	128.98	-107.52
4	1	-43.18	-77.80
4	1	15.53	-111.63
4	1	-24.13	-99.52
4	1	-28.89	-110.21
4	1	-54.94	-101.71
4	1	-165.30	153.76
4	1	-31.61	-83.02
4	1	-13.18	-100.93
4	1	-48.07	-101.98
4	1	-50.36	-113.67
4	1	-51.14	-63.80
4	1	-48.81	-74.95
4	1	-47.88	-112.16
4	2	-2.36	-86.27
4	2	-17.65	-117.00
4	2	5.98	-105.54
4	2	9.16	-117.42
4	2	10.81	63.74
4	2	25.80	174.97
4	2	13.80	-114.36
4	2	5.45	-151.35
4	2	3.52	-118.10
4	2	41.53	-121.44
4	2	-8.58	-103.50
4	2	-1.97	63.62
4	2	22.55	55.67
4	3	-133.66	51.70
4	3	-139.82	58.79
4	3	135.51	-62.89
4	3	-128.54	47.56
4	3	46.38	84.65
4	3	40.13	-73.08
4	3	-130.55	45.53
4	3	-95.57	60.97
4	3	-122.77	52.55
4	3	-137.51	62.11
4	3	-154.99	74.70
4	3	52.30	48.73
4	3	20.69	57.61
5	0	127.71	-77.51
5	0	135.76	-135.44
5	0	136.65	-119.92
5	0	125.02	-127.40
5	0	142.13	-106.06
5	0	124.67	-116.37
5	0	126.86	-106.00
5	0	125.87	-111.94
5	0	125.82	-128.17
5	0	126.01	-122.89
5	0	130.73	-137.69
5	0	138.34	-116.97
5	0	113.80	-152.54
5	0	139.32	-116.34
5	0	155.43	-132.01
5	0	119.61	-139.25
5	1	-175.35	-141.64
5	1	-30.04	-72.60
5	1	-54.55	-62.04
5	1	-23.07	-92.15
5	1	-11.60	-76.07
5	1	-28.94	-83.87
5	1	-37.53	-89.35
5	1	-40.86	-95.12
5	1	-17.55	-90.36
5	1	-32.21	-90.22
5	1	-21.91	-82.33
5	1	-40.48	-72.45
5	1	3.62	-90.91
5	1	-39.94	-70.87
5	1	-42.97	-59.59
5	1	-41.90	-60.05
5	2	92.42	-109.13
5	2	20.09	121.44
5	2	36.11	55.17
5	2	42.54	42.85
5	2	126.88	-159.81
5	2	10.13	82.02
5	2	22.66	69.45
5	2	18.22	68.05
5	2	14.18	74.85
5	2	36.84	61.29
5	2	12.71	74.41
5	2	11.70	74.29
5	2	18.83	56.25
5	2	21.60	61.60
5	2	39.06	34.87
5	2	-33.60	-152.84
5	3	-59.63	-82.18
5	3	8.14	-107.99
5	3	20.17	60.35
5	3	22.51	-93.73
5	3	41.64	-105.32
5	3	-21.67	-67.10
5	3	48.96	52.50
5	3	-16.91	-62.47
5	3	-19.01	-70.54
5	3	43.93	52.61
5	3	53.29	45.76
5	3	58.53	46.11
5	3	15.92	-79.80
5	3	30.17	-126.11
5	3	-1.31	90.21
5	3	-17.70	79.64
6	0	135.01	-105.16
6	0	140.77	-141.51
6	0	92.32	-108.29
6	0	135.39	-110.65
6	0	141.49	-133.74
6	0	137.21	-94.55
6	0	90.94	58.42
6	1	-40.85	-74.99
6	1	-18.80	-74.61
6	1	-43.70	-81.25
6	1	-34.98	-75.09
6	1	-41.65	-61.95
6	1	-66.84	-135.74
6	1	169.35	-93.58
6	2	64.79	-74.12
6	2	46.78	53.84
6	2	57.45	62.14
6	2	47.78	-144.93
6	2	41.92	49.29
6	2	129.11	63.16
6	2	71.19	-77.77
6	3	88.39	-105.06
6	3	6.68	-103.06
6	3	28.68	157.38
6	3	-4.84	-113.43
6	3	-3.66	-112.67
6	3	-0.26	-75.85
6	3	165.82	-80.74
7	0	122.34	-106.20
7	0	136.03	-129.14
7	0	130.19	-123.61
7	0	127.90	-110.86
7	0	132.57	-117.54
7	0	128.72	-118.96
7	0	140.82	-139.04
7	0	126.58	-125.94
7	0	111.12	-106.17
7	0	138.11	-113.63
7	0	144.89	-126.42
7	0	150.10	-125.42
7	0	128.20	-105.41
7	0	130.41	-136.78
7	0	115.70	-106.87
7	0	-174.69	-120.74
7	0	122.39	-72.91
7	0	120.00	-117.87
7	0	138.02	-133.09
7	0	134.55	-132.17
7	0	40.73	65.22
7	0	136.67	-145.13
7	0	137.78	-136.76
7	0	136.24	-133.86
7	1	-80.87	-63.83
7	1	-35.98	-87.78
7	1	-20.49	-76.08
7	1	-46.95	-67.48
7	1	-53.25	-86.16
7	1	-35.18	-71.28
7	1	-27.32	-121.55
7	1	-22.44	-78.34
7	1	-59.63	-93.38
7	1	-84.15	-42.18
7	1	-70.09	-47.19
7	1	-44.52	-55.45
7	1	-51.49	-93.02
7	1	-41.79	-56.18
7	1	-34.96	-91.29
7	1	-17.17	-89.82
7	1	-39.86	-116.31
7	1	-51.53	-98.66
7	1	-32.24	-84.08
7	1	-22.62	-69.77
7	1	148.75	-120.86
7	1	-147.43	86.53
7	1	-24.83	-86.67
7	1	-26.36	-76.83
7	2	74.67	-69.67
7	2	84.10	-104.46
7	2	95.18	-98.96
7	2	73.39	-128.74
7	2	108.45	-67.19
7	2	79.47	-79.67
7	2	132.03	-43.50
7	2	95.41	-120.63
7	2	115.59	-100.15
7	2	89.18	-72.83
7	2	69.33	-85.07
7	2	14.25	62.79
7	2	108.17	-63.95
7	2	70.42	-101.41
7	2	98.90	-118.35
7	2	103.34	-105.50
7	2	84.71	-158.16
7	2	90.59	-129.23
7	2	100.87	-91.44
7	2	86.91	-121.73
7	2	119.12	-74.77
7	2	-42.32	-66.52
7	2	92.09	-94.44
7	2	89.67	-83.36
7	3	-177.35	-174.35
7	3	-157.28	-104.17
7	3	159.43	85.50
7	3	-138.29	77.06
7	3	110.69	99.77
7	3	169.72	-136.03
7	3	125.22	-61.40
7	3	158.36	-148.00
7	3	-168.06	91.30
7	3	165.37	95.05
7	3	179.68	-141.79
7	3	115.88	84.95
7	3	157.09	-76.01
7	3	-123.97	174.69
7	3	174.39	-85.57
7	3	-174.04	-158.78
7	3	-95.11	-134.36
7	3	-135.89	109.12
7	3	170.64	94.50
7	3	-165.76	116.45
7	3	-166.15	-118.37
7	3	-160.74	-81.24
7	3	154.08	-118.36
7	3	99.10	-80.96
8	0	132.63	-141.27
8	0	117.30	-105.48
8	0	160.33	-107.16
8	0	143.24	-133.05
8	0	119.21	-112.25
8	0	145.67	-113.70
8	0	124.92	-128.42
8	0	136.75	-110.72
8	0	128.86	-139.00
8	0	132.69	-148.02
8	0	128.19	-145.17
8	0	135.01	-145.31
8	0	149.25	-104.29
8	0	106.62	-98.65
8	0	115.52	-123.88
8	0	125.16	-99.06
8	0	129.50	-92.16
8	0	149.12	-144.43
8	0	95.76	-121.71
8	0	141.55	-149.96
8	0	134.31	-89.66
8	0	131.91	-144.00
8	0	130.67	-122.63
8	0	132.97	-123.48
8	0	139.98	-120.15
8	0	140.07	-126.55
8	0	126.20	-107.57
8	0	144.93	-121.44
8	0	123.26	-140.72
8	0	140.45	-130.29
8	0	119.45	-136.28
8	0	140.96	-133.73
8	0	126.09	-102.52
8	0	118.29	-120.67
8	0	-145.99	-143.09
8	0	129.82	-130.73
8	0	128.69	-132.20
8	0	130.83	-104.00
8	0	124.20	-134.46
8	1	-7.05	-98.60
8	1	-46.15	-77.43
8	1	-46.17	-108.04
8	1	-25.66	-113.09
8	1	-42.94	-90.55
8	1	-58.11	-74.52
8	1	-18.91	-96.10
8	1	-46.22	-83.91
8	1	-21.87	-81.08
8	1	-12.95	-91.08
8	1	-0.67	-92.87
8	1	-15.52	-94.67
8	1	-44.00	-83.32
8	1	-54.81	-90.82
8	1	-170.41	63.15
8	1	-69.30	-108.53
8	1	-85.59	-82.37
8	1	-61.94	-100.50
8	1	-49.30	-163.18
8	1	-34.38	-74.14
8	1	-65.84	-91.38
8	1	-18.06	-88.80
8	1	-37.60	-97.71
8	1	-32.66	-87.45
8	1	-43.57	-64.06
8	1	-33.59	-107.55
8	1	-72.95	-106.40
8	1	-38.14	-85.34
8	1	-8.66	-97.21
8	1	-6.63	-127.66
8	1	-7.91	-89.97
8	1	-27.33	-74.73
8	1	-49.96	-88.59
8	1	-42.93	-79.73
8	1	38.65	156.62
8	1	-26.53	-91.35
8	1	-37.03	-86.81
8	1	-64.13	-104.70
8	1	-13.74	-84.44
8	2	101.53	-100.54
8	2	56.29	-121.72
8	2	124.37	-76.07
8	2	116.48	-61.69
8	2	109.72	-84.94
8	2	100.25	-82.77
8	2	92.48	-61.80
8	2	112.80	-101.00
8	2	92.49	-114.22
8	2	105.50	-123.19
8	2	90.16	-79.58
8	2	104.98	-122.78
8	2	112.46	-110.26
8	2	85.96	-102.75
8	2	-15.11	-85.83
8	2	146.20	-104.44
8	2	88.98	-29.48
8	2	142.86	-80.27
8	2	161.74	-57.44
8	2	100.89	-84.01
8	2	109.51	-130.36
8	2	101.31	-83.82
8	2	103.80	-76.10
8	2	92.29	-96.23
8	2	74.05	-83.69
8	2	133.09	-127.82
8	2	106.46	-7.57
8	2	97.52	-87.58
8	2	118.74	-115.06
8	2	124.93	-107.00
8	2	59.53	44.05
8	2	86.40	-89.22
8	2	110.90	-115.90
8	2	48.25	41.51
8	2	109.66	-127.34
8	2	93.25	-125.50
8	2	104.78	-87.72
8	2	136.07	-145.45
8	2	103.43	-108.25
8	3	158.81	-119.90
8	3	141.81	-143.83
8	3	154.37	-160.00
8	3	170.64	-157.47
8	3	167.34	-165.80
8	3	149.16	-134.55
8	3	168.57	-167.92
8	3	158.49	-179.55
8	3	169.49	-117.01
8	3	-178.16	-105.34
8	3	-178.00	-157.02
8	3	163.61	-98.05
8	3	175.71	-129.01
8	3	140.07	-102.09
8	3	-144.63	-132.11
8	3	157.61	-165.69
8	3	-165.34	76.05
8	3	171.53	-150.38
8	3	-140.85	84.88
8	3	154.22	-157.00
8	3	-155.68	-121.67
8	3	137.35	-162.61
8	3	158.52	-148.62
8	3	155.88	-129.86
8	3	120.94	-120.42
8	3	-137.14	-175.70
8	3	163.76	-172.72
8	3	-140.84	-149.74
8	3	157.14	-145.46
8	3	140.29	-123.18
8	3	118.69	-35.63
8	3	159.85	-157.19
8	3	179.62	-164.71
8	3	130.66	-64.45
8	3	35.41	-135.27
8	3	-141.52	-164.69
8	3	135.52	-109.74
8	3	-137.82	-154.91
8	3	138.41	-89.44
9	0	131.14	-127.24
9	0	135.58	-154.08
9	0	133.26	-162.78
9	0	117.62	-124.55
9	0	147.74	-145.60
9	0	129.45	-138.89
9	0	134.23	-140.80
9	0	133.13	-133.01
9	0	129.93	-122.96
9	0	138.16	-99.93
9	0	140.51	-110.54
9	0	138.20	-126.23
9	0	138.76	-133.39
9	0	140.66	-122.84
9	0	139.37	-133.82
9	0	138.49	-115.41
9	0	55.84	50.35
9	0	127.59	-127.52
9	0	129.43	-89.49
9	0	134.54	-111.65
9	0	124.80	-111.85
9	0	144.21	-107.16
9	0	135.56	-145.33
9	0	144.62	-120.75
9	0	134.59	-128.34
9	0	140.53	-105.46
9	0	128.59	-163.05
9	0	138.46	-120.16
9	0	135.68	-109.20
9	0	136.18	-130.66
9	0	131.35	-139.00
9	0	137.31	-133.31
9	0	-166.78	48.45
9	0	130.20	-123.82
9	0	113.13	-116.86
9	0	143.19	-134.36
9	0	134.61	-144.95
9	0	130.42	-131.62
9	0	128.61	-111.93
9	0	131.67	-127.30
9	0	144.17	-141.39
9	0	46.61	47.25
9	0	140.16	-121.27
9	0	133.20	-133.48
9	0	112.59	81.30
9	0	132.93	-123.65
9	0	122.68	-128.72
9	0	106.60	-117.95
9	0	128.19	-121.22
9	0	144.52	-138.25
9	0	137.81	-127.65
9	0	141.53	-120.46
9	0	130.08	-120.66
9	0	131.49	-131.64
9	0	132.09	-141.99
9	0	131.28	-135.68
9	0	126.26	-114.15
9	0	132.15	-131.14
9	1	-26.72	-99.66
9	1	0.50	-83.52
9	1	-8.89	-69.78
9	1	-62.77	-48.51
9	1	-50.34	-50.16
9	1	-12.17	-98.55
9	1	-26.45	-69.69
9	1	-30.45	-82.38
9	1	-40.15	-77.71
9	1	-14.99	-120.86
9	1	-40.23	-92.47
9	1	-39.88	-80.48
9	1	-33.92	-69.63
9	1	-33.31	-88.96
9	1	-27.07	-80.40
9	1	-64.03	-88.40
9	1	166.00	-165.29
9	1	-35.32	-88.32
9	1	-50.12	-90.57
9	1	-32.52	-80.79
9	1	-44.70	-99.38
9	1	-46.34	-81.95
9	1	-11.27	-88.53
9	1	-60.61	-66.91
9	1	-30.16	-85.04
9	1	-41.33	-97.00
9	1	2.60	-101.98
9	1	-18.37	-87.27
9	1	-57.55	-110.64
9	1	-11.22	-117.11
9	1	-27.10	-81.74
9	1	-10.62	-95.87
9	1	122.07	-74.03
9	1	-68.75	-175.83
9	1	-48.19	-118.96
9	1	-24.54	-89.20
9	1	-27.14	-92.95
9	1	-25.96	-77.98
9	1	-40.33	-82.87
9	1	-44.89	-87.37
9	1	-24.05	-116.74
9	1	-179.69	-134.32
9	1	-33.30	-83.33
9	1	-31.36	-125.73
9	1	126.88	-107.45
9	1	-33.20	-81.36
9	1	-29.70	-79.92
9	1	-29.86	-96.09
9	1	-16.08	-96.39
9	1	-33.91	-67.50
9	1	-32.06	-74.12
9	1	-48.23	-74.18
9	1	-32.37	-88.60
9	1	-21.05	-99.16
9	1	-29.12	-62.51
9	1	-16.89	-81.14
9	1	-17.10	-98.81
9	1	-31.48	-93.85
9	2	119.74	-89.60
9	2	92.62	-98.55
9	2	90.68	-86.19
9	2	79.98	-75.75
9	2	92.36	-88.30
9	2	110.69	-115.74
9	2	94.11	-131.57
9	2	70.76	-127.04
9	2	95.69	-60.30
9	2	109.23	-46.56
9	2	51.98	42.70
9	2	61.66	-122.25
9	2	92.29	-94.91
9	2	83.85	-76.39
9	2	95.40	-83.14
9	2	135.11	-118.64
9	2	174.77	-129.70
9	2	112.98	-96.71
9	2	40.56	52.90
9	2	74.72	-84.62
9	2	128.22	-127.08
9	2	59.51	60.93
9	2	105.33	-105.79
9	2	86.65	-125.05
9	2	73.51	-113.83
9	2	103.12	-80.83
9	2	58.41	37.88
9	2	83.62	-99.39
9	2	132.46	-89.37
9	2	109.74	-82.68
9	2	97.32	-101.72
9	2	101.77	-74.38
9	2	126.56	-125.95
9	2	135.69	160.35
9	2	142.88	-98.94
9	2	100.96	-96.11
9	2	121.52	-107.26
9	2	78.98	-79.45
9	2	108.00	-137.54
9	2	70.48	-113.43
9	2	133.82	-93.66
9	2	127.71	-75.19
9	2	38.62	58.74
9	2	177.03	-169.92
9	2	110.89	-75.68
9	2	81.15	-157.38
9	2	89.95	-87.41
9	2	113.43	-89.01
9	2	80.56	52.90
9	2	49.02	46.40
9	2	88.78	-94.84
9	2	98.38	-112.96
9	2	53.69	55.02
9	2	105.83	-100.45
9	2	63.72	-94.53
9	2	53.38	54.65
9	2	48.04	83.01
9	2	96.70	-91.45
9	3	161.12	-149.12
9	3	139.65	-72.33
9	3	166.13	-165.21
9	3	170.10	-125.59
9	3	149.20	-99.15
9	3	165.58	-104.71
9	3	170.67	-64.63
9	3	-46.14	-75.39
9	3	141.12	-151.90
9	3	130.25	-106.90
9	3	124.84	-121.41
9	3	-31.16	-65.20
9	3	162.15	-76.12
9	3	-174.64	-137.44
9	3	165.43	-74.22
9	3	161.90	-139.98
9	3	139.99	-110.14
9	3	179.77	-100.30
9	3	128.62	-129.68
9	3	-160.49	69.15
9	3	157.18	68.62
9	3	128.33	-105.16
9	3	157.02	92.84
9	3	-45.98	-68.85
9	3	-47.90	-67.65
9	3	178.12	-148.89
9	3	171.45	-48.37
9	3	158.82	-116.24
9	3	159.29	-74.53
9	3	169.16	-86.78
9	3	165.69	-104.89
9	3	140.46	-63.38
9	3	-171.43	-152.56
9	3	69.16	173.99
9	3	165.88	171.90
9	3	171.82	-101.93
9	3	170.00	-155.74
9	3	-121.63	-82.83
9	3	-169.28	-102.65
9	3	-35.65	-64.51
9	3	94.17	-117.58
9	3	165.00	-95.13
9	3	164.28	-119.85
9	3	-36.78	-65.79
9	3	158.03	-75.00
9	3	-21.23	-104.67
9	3	129.47	-69.00
9	3	129.45	-71.98
9	3	79.53	-10.75
9	3	128.20	-64.64
9	3	-149.14	67.92
9	3	167.17	-77.34
9	3	75.37	74.72
9	3	-174.70	94.18
9	3	-95.36	-94.84
9	3	129.28	-61.43
9	3	122.44	-109.52
9	3	145.24	-102.84
10	0	137.10	-118.48
10	0	139.52	-139.53
10	0	137.09	-139.58
10	0	135.02	-134.61
10	0	167.35	-155.91
10	0	117.25	-130.52
10	0	133.70	-132.66
10	0	124.41	-139.41
10	0	121.13	-117.46
10	0	112.73	-135.30
10	0	143.22	-115.31
10	0	132.83	-115.96
10	0	127.67	-81.30
10	0	118.17	-93.98
10	0	127.03	-117.38
10	0	85.41	-93.28
10	0	134.18	-101.69
10	0	141.29	-135.50
10	0	136.09	-123.40
10	0	131.35	-122.12
10	0	142.53	-139.19
10	0	137.72	-126.98
10	0	136.82	-79.57
10	0	138.95	-123.27
10	0	148.77	-102.42
10	0	126.84	-143.82
10	0	129.94	-119.51
10	0	133.22	-128.17
10	0	139.69	-125.10
10	0	130.97	-133.51
10	0	124.83	-140.70
10	0	136.41	-87.77
10	0	119.02	-139.41
10	0	136.43	-116.02
10	0	137.10	-133.90
10	0	141.81	-128.20
10	0	134.81	-120.57
10	0	127.97	-143.24
10	0	135.44	-127.19
10	0	131.40	-134.48
10	0	129.68	-125.48
10	0	134.48	-137.93
10	0	140.68	-125.67
10	0	138.72	-156.04
10	0	136.05	-94.73
10	0	140.13	-145.41
10	0	125.60	-130.03
10	0	133.69	-135.69
10	0	127.35	-121.72
10	0	126.16	-111.15
10	0	131.05	-101.45
10	0	132.61	-135.13
10	0	135.89	-141.48
10	0	135.55	-133.67
10	0	140.63	-139.42
10	0	140.68	-136.34
10	0	138.20	-133.65
10	0	147.09	-104.76
10	0	127.31	-138.26
10	0	131.38	-126.78
10	0	131.39	-139.12
10	0	138.45	-123.40
10	0	135.61	-119.93
10	0	144.68	-135.77
10	0	128.36	-140.16
10	0	114.43	-136.29
10	0	122.45	-108.08
10	0	140.51	-141.03
10	0	134.46	-123.71
10	0	129.98	-98.73
10	0	134.91	-129.39
10	0	136.94	-132.00
10	0	145.07	-124.97
10	0	38.00	51.19
10	0	155.55	-144.15
10	0	127.87	-138.30
10	0	122.83	-141.68
10	0	124.85	-143.02
10	0	136.42	-115.17
10	0	129.15	-115.87
10	0	140.56	-113.71
10	0	122.30	-134.44
10	0	130.46	-125.10
10	0	102.07	-79.75
10	0	138.86	-128.66
10	0	132.50	-128.03
10	0	130.55	-137.11
10	0	139.92	-134.27
10	0	142.71	-140.51
10	0	103.60	74.52
10	0	121.83	-112.18
10	0	103.37	-97.38
10	0	126.77	-132.82
10	0	132.07	-128.85
10	0	119.37	-130.51
10	0	132.34	-117.10
10	0	130.62	-117.78
10	0	136.45	-142.74
10	0	122.67	-128.64
10	0	134.99	-137.82
10	0	133.72	-124.22
10	0	113.52	-135.48
10	0	127.86	-104.77
10	1	-47.92	-88.91
10	1	-16.01	-91.34
10	1	-23.75	-73.59
10	1	-33.03	-77.25
10	1	14.88	-80.66
10	1	-36.94	-70.77
10	1	-16.82	-86.32
10	1	-19.28	-81.69
10	1	-32.60	-86.27
10	1	-6.17	-93.79
10	1	-51.87	-75.39
10	1	-59.48	-67.26
10	1	-74.32	-89.14
10	1	-51.19	-90.95
10	1	-36.19	-94.28
10	1	-53.21	-89.04
10	1	-44.52	-103.40
10	1	-24.28	-93.48
10	1	-29.51	-95.61
10	1	-25.28	-80.20
10	1	-31.40	-61.69
10	1	-41.17	-75.44
10	1	-77.35	-106.31
10	1	-29.48	-86.38
10	1	-67.34	-113.87
10	1	-24.10	-73.26
10	1	-46.83	-66.27
10	1	-25.25	-84.13
10	1	-34.20	-70.33
10	1	-17.60	-89.44
10	1	-19.34	-74.98
10	1	-72.19	-122.95
10	1	-52.21	-107.91
10	1	-46.72	-69.77
10	1	-36.62	-69.24
10	1	-40.11	-79.78
10	1	-36.85	-117.46
10	1	-13.05	-108.83
10	1	-14.89	-93.39
10	1	-20.93	-88.87
10	1	-29.52	-122.84
10	1	-15.73	-100.10
10	1	-40.54	-78.90
10	1	-43.61	-61.85
10	1	-61.19	-89.16
10	1	-30.11	-73.53
10	1	-19.20	-84.28
10	1	-21.82	-95.26
10	1	-32.25	-74.63
10	1	-38.40	-81.49
10	1	-51.44	-116.63
10	1	-5.56	-109.60
10	1	-31.25	-64.85
10	1	-36.19	-80.17
10	1	-33.20	-113.09
10	1	-20.50	-89.87
10	1	-29.78	-80.66
10	1	-53.07	-89.97
10	1	-23.37	-88.47
10	1	-13.63	-87.01
10	1	-7.41	-103.66
10	1	-30.48	-75.09
10	1	-28.51	-85.03
10	1	-37.53	-80.55
10	1	-17.74	-76.67
10	1	-16.77	-84.04
10	1	-34.00	-73.08
10	1	-19.36	-80.26
10	1	-22.75	-89.19
10	1	-60.62	-101.51
10	1	-29.28	-78.66
10	1	-30.51	-85.87
10	1	-28.80	-105.66
10	1	167.58	-124.76
10	1	-54.13	-60.71
10	1	-20.19	-83.89
10	1	-21.12	-72.91
10	1	-14.92	-100.87
10	1	-43.41	-79.60
10	1	38.25	-128.00
10	1	-54.52	-62.39
10	1	-41.50	-60.40
10	1	-20.51	-93.00
10	1	-81.11	-86.06
10	1	-30.36	-87.04
10	1	-30.07	-80.29
10	1	-15.35	-93.02
10	1	-38.29	-76.14
10	1	-10.20	-91.02
10	1	132.17	-106.70
10	1	-39.16	-96.13
10	1	-43.99	-104.37
10	1	-16.91	-90.49
10	1	-30.01	-85.49
10	1	-28.75	-90.76
10	1	-31.98	-87.00
10	1	-34.37	-79.37
10	1	-18.75	-94.44
10	1	-17.81	-82.35
10	1	-18.78	-90.08
10	1	-27.69	-90.18
10	1	-29.49	-74.79
10	1	-38.60	-94.25
10	2	100.99	-139.23
10	2	108.44	-102.05
10	2	91.51	-91.93
10	2	58.63	-140.45
10	2	170.93	-67.99
10	2	94.90	-114.97
10	2	92.35	-85.47
10	2	94.19	-93.74
10	2	100.02	-108.31
10	2	93.31	-91.39
10	2	94.33	-107.68
10	2	86.34	-95.01
10	2	126.17	-134.20
10	2	99.59	-88.68
10	2	118.72	-94.67
10	2	137.52	-79.12
10	2	73.50	-132.10
10	2	110.86	-92.21
10	2	112.19	-96.20
10	2	98.49	-122.75
10	2	65.01	-134.95
10	2	99.10	-80.61
10	2	130.68	-69.32
10	2	97.17	-81.65
10	2	139.28	-61.70
10	2	53.81	72.64
10	2	87.57	-79.59
10	2	44.43	57.28
10	2	83.57	-79.49
10	2	95.70	-93.12
10	2	85.51	-97.56
10	2	169.46	-73.31
10	2	141.88	-107.51
10	2	88.69	-84.23
10	2	85.12	-78.22
10	2	103.47	-90.39
10	2	137.52	-80.17
10	2	129.81	-109.68
10	2	88.95	-85.88
10	2	101.19	-83.97
10	2	148.99	-103.18
10	2	118.17	-103.14
10	2	98.87	-84.98
10	2	113.72	-111.77
10	2	109.11	-100.01
10	2	80.23	-100.62
10	2	91.51	-62.59
10	2	109.15	-84.69
10	2	76.50	-81.78
10	2	78.38	-82.62
10	2	132.78	-79.31
10	2	96.69	-71.89
10	2	84.51	-68.70
10	2	90.75	-97.94
10	2	80.54	-124.58
10	2	110.28	-93.91
10	2	87.47	-113.04
10	2	42.46	69.48
10	2	109.13	-94.21
10	2	105.56	-125.02
10	2	116.72	-91.37
10	2	89.82	-96.29
10	2	93.86	-75.92
10	2	106.72	-97.77
10	2	96.83	-90.30
10	2	101.87	-99.84
10	2	75.04	-119.37
10	2	82.42	-76.00
10	2	93.65	-83.94
10	2	133.00	-97.70
10	2	96.16	-92.86
10	2	100.56	-89.53
10	2	127.31	-107.73
10	2	111.72	-116.68
10	2	113.73	-94.69
10	2	62.95	41.17
10	2	87.82	-83.50
10	2	133.19	-135.26
10	2	87.13	-89.04
10	2	117.23	-119.13
10	2	87.48	-76.78
10	2	60.14	-118.22
10	2	79.88	-138.14
10	2	101.25	-82.59
10	2	93.39	-78.56
10	2	72.92	-117.47
10	2	87.24	-75.21
10	2	62.61	-134.42
10	2	98.30	-103.87
10	2	99.06	-23.07
10	2	137.36	-131.02
10	2	134.62	-91.66
10	2	96.31	-106.78
10	2	99.20	-89.77
10	2	110.79	-107.41
10	2	49.34	50.05
10	2	85.80	-103.36
10	2	105.18	-94.95
10	2	67.62	23.48
10	2	123.78	-123.08
10	2	108.65	-124.40
10	2	68.04	-113.57
10	2	106.75	-122.47
10	3	-165.34	-176.81
10	3	-162.82	66.31
10	3	167.36	-134.68
10	3	-16.04	-103.54
10	3	172.85	-82.99
10	3	165.04	-120.40
10	3	-179.83	75.94
10	3	165.49	-120.10
10	3	127.43	-92.47
10	3	167.05	-84.18
10	3	-155.35	-152.90
10	3	160.36	-121.45
10	3	164.58	-112.74
10	3	147.31	-94.31
10	3	128.95	-155.51
10	3	121.47	169.47
10	3	172.46	-79.31
10	3	-172.40	-157.85
10	3	168.16	-129.95
10	3	157.44	-141.68
10	3	-27.40	-77.67
10	3	-129.96	-117.66
10	3	152.87	-164.26
10	3	-179.22	83.05
10	3	-178.42	-171.75
10	3	157.49	-82.32
10	3	130.57	-137.06
10	3	148.03	-64.89
10	3	-150.68	49.80
10	3	156.43	-144.07
10	3	121.84	-112.63
10	3	137.98	-62.48
10	3	151.00	-98.09
10	3	161.67	-164.10
10	3	145.70	-138.54
10	3	157.60	-121.11
10	3	149.78	-147.47
10	3	150.36	-143.67
10	3	-136.72	50.06
10	3	152.05	-97.83
10	3	156.13	-155.91
10	3	159.47	-66.91
10	3	142.37	-74.81
10	3	168.56	-103.11
10	3	178.40	-178.83
10	3	-67.72	-71.86
10	3	116.77	-55.41
10	3	149.15	-151.73
10	3	159.37	-176.78
10	3	-133.83	61.91
10	3	147.09	-124.73
10	3	161.74	-140.76
10	3	101.43	-108.12
10	3	-164.44	-174.43
10	3	-21.15	-107.70
10	3	173.60	-163.77
10	3	171.78	-137.55
10	3	151.91	-167.39
10	3	164.14	-157.85
10	3	163.90	-112.57
10	3	161.13	-157.08
10	3	157.01	-106.36
10	3	141.14	-121.61
10	3	169.93	-128.85
10	3	-160.81	67.25
10	3	143.09	-90.09
10	3	149.76	-134.09
10	3	-136.83	59.15
10	3	167.44	-84.68
10	3	164.07	-161.39
10	3	174.44	-147.46
10	3	161.39	-139.66
10	3	-101.28	-73.04
10	3	151.05	75.20
10	3	179.79	-85.55
10	3	141.40	-96.54
10	3	110.76	-90.61
10	3	-177.70	-131.21
10	3	161.41	-64.66
10	3	-178.15	125.24
10	3	144.85	-74.92
10	3	-52.68	-69.90
10	3	-43.41	-78.53
10	3	151.18	-149.29
10	3	133.45	-64.72
10	3	-59.84	-91.69
10	3	163.14	-129.59
10	3	-24.81	-87.87
10	3	124.66	-85.17
10	3	158.69	-85.39
10	3	177.32	-119.08
10	3	175.78	-126.24
10	3	125.61	-88.41
10	3	144.46	-130.19
10	3	160.60	-115.49
10	3	158.52	-71.88
10	3	149.47	-85.54
10	3	154.62	-156.08
10	3	143.31	-83.51
10	3	161.62	-158.95
10	3	160.62	-131.03
10	3	-44.84	-82.08
10	3	166.61	-116.56
11	0	129.25	-99.75
11	0	133.89	-124.94
11	0	123.20	-107.62
11	0	112.91	-115.50
11	0	106.70	-98.08
11	0	121.47	-101.56
11	0	128.28	-128.03
11	0	133.68	-107.27
11	0	144.32	-158.76
11	0	135.48	-87.73
11	0	138.60	-127.16
11	0	133.41	-104.90
11	0	138.25	-139.74
11	0	129.32	-117.46
11	0	133.70	-138.25
11	0	123.50	-104.31
11	0	123.61	-99.60
11	0	142.37	-126.93
11	0	125.64	-100.14
11	0	117.42	-124.19
11	0	112.12	-125.39
11	0	154.63	-113.18
11	0	146.44	-143.00
11	0	42.71	59.04
11	0	136.36	-135.04
11	0	121.09	-115.18
11	0	139.08	-113.73
11	0	127.34	-112.69
11	0	132.44	-134.37
11	0	117.74	-125.68
11	0	129.62	-122.90
11	0	141.31	-112.66
11	0	136.74	-140.25
11	0	126.21	-107.16
11	0	129.89	-121.10
11	0	138.43	-144.72
11	0	126.61	-105.96
11	0	137.44	-132.13
11	0	127.46	-99.84
11	0	117.25	-121.71
11	0	130.55	-120.36
11	0	132.55	-124.56
11	0	46.26	52.70
11	0	142.99	-140.87
11	0	141.68	-126.61
11	0	137.11	-120.25
11	0	124.48	-118.90
11	0	139.15	-138.83
11	0	166.04	-88.36
11	0	137.67	-151.13
11	0	134.78	-134.54
11	0	120.12	-131.38
11	0	123.99	-129.45
11	0	122.66	-104.94
11	0	134.13	-124.09
11	0	103.04	43.38
11	0	132.67	-128.49
11	0	127.13	-129.25
11	0	126.74	-134.55
11	1	-62.01	-74.31
11	1	-34.87	-112.69
11	1	-49.78	-89.93
11	1	-15.77	-116.60
11	1	-65.79	-74.55
11	1	-60.99	-112.67
11	1	-22.83	-75.16
11	1	-42.06	-82.94
11	1	4.86	-117.88
11	1	-72.79	-107.20
11	1	-32.51	-95.76
11	1	-45.09	-112.34
11	1	-24.24	-87.05
11	1	-29.44	-79.07
11	1	-11.44	-92.40
11	1	-19.18	-95.73
11	1	-67.38	-115.46
11	1	-25.21	-81.87
11	1	-44.47	-79.82
11	1	-15.86	-95.96
11	1	-22.73	-94.80
11	1	-54.30	-62.59
11	1	-36.56	-69.28
11	1	160.70	-133.06
11	1	-22.29	-92.73
11	1	-35.78	-95.44
11	1	-69.15	-97.53
11	1	-54.00	-71.28
11	1	-26.84	-83.78
11	1	-44.62	-83.47
11	1	-27.92	-78.72
11	1	-52.24	-53.76
11	1	-17.68	-108.79
11	1	-38.73	-85.16
11	1	-25.96	-84.24
11	1	-16.00	-88.86
11	1	-50.90	-74.91
11	1	-34.04	-74.26
11	1	-52.96	-69.21
11	1	-23.14	-91.47
11	1	-52.72	-79.34
11	1	-18.60	-90.25
11	1	171.75	-128.25
11	1	-29.50	-74.00
11	1	-27.74	-105.58
11	1	-31.90	-76.93
11	1	-48.81	-71.40
11	1	-35.10	-91.47
11	1	135.08	-155.30
11	1	-11.93	-104.49
11	1	-30.07	-73.98
11	1	-35.72	-81.56
11	1	-25.75	-94.92
11	1	-46.37	-80.47
11	1	-29.47	-105.27
11	1	162.31	-81.76
11	1	-21.51	-83.64
11	1	-21.23	-107.58
11	1	-20.96	-99.84
11	2	82.56	-91.25
11	2	160.07	-85.00
11	2	91.83	-47.33
11	2	140.38	-59.52
11	2	115.68	-112.14
11	2	125.36	-64.19
11	2	80.35	-112.60
11	2	92.65	-78.56
11	2	109.93	-78.60
11	2	119.20	-46.15
11	2	96.42	-90.83
11	2	134.12	-86.27
11	2	111.52	-110.92
11	2	98.57	-86.26
11	2	102.07	-82.64
11	2	120.25	-110.18
11	2	144.46	-68.45
11	2	87.22	-91.30
11	2	93.93	-78.67
11	2	101.67	-106.36
11	2	103.35	-86.33
11	2	94.15	-101.79
11	2	101.85	-100.30
11	2	116.19	-139.52
11	2	107.06	-92.61
11	2	107.68	-91.16
11	2	138.28	-104.34
11	2	72.84	-84.88
11	2	86.51	-73.95
11	2	104.40	-86.85
11	2	84.54	-83.37
11	2	66.10	-99.37
11	2	129.83	-91.96
11	2	28.00	62.85
11	2	98.74	-97.50
11	2	103.54	-94.30
11	2	96.89	-94.77
11	2	108.40	-120.93
11	2	71.93	-104.08
11	2	96.53	-89.35
11	2	91.33	-88.15
11	2	101.10	-84.90
11	2	130.37	-133.33
11	2	94.94	-98.07
11	2	111.47	-104.89
11	2	50.59	50.76
11	2	98.27	-73.71
11	2	125.01	-71.23
11	2	109.93	-114.01
11	2	113.05	-66.31
11	2	86.72	-121.00
11	2	95.25	-100.90
11	2	95.50	-92.81
11	2	105.60	-100.64
11	2	120.00	-98.28
11	2	90.18	-94.00
11	2	90.01	-94.09
11	2	107.57	-97.98
11	2	122.88	-82.18
11	3	149.16	-90.88
11	3	160.04	-65.53
11	3	74.63	-149.07
11	3	98.89	-102.23
11	3	128.49	-52.96
11	3	159.91	-74.82
11	3	138.41	-72.00
11	3	-177.97	-107.01
11	3	150.82	-69.69
11	3	170.95	-147.26
11	3	153.65	79.51
11	3	127.87	-57.26
11	3	160.48	-122.49
11	3	140.18	-66.00
11	3	164.37	86.88
11	3	141.82	-69.56
11	3	141.00	-65.89
11	3	-142.96	62.29
11	3	164.73	-105.37
11	3	176.74	-167.78
11	3	104.33	-86.01
11	3	-172.95	-83.38
11	3	152.43	-174.62
11	3	-154.46	66.40
11	3	140.54	-100.62
11	3	135.90	-60.08
11	3	158.86	-100.18
11	3	150.44	-143.58
11	3	151.95	-158.80
11	3	109.70	-133.75
11	3	174.92	-153.41
11	3	171.09	-175.45
11	3	160.38	-66.24
11	3	149.40	-77.77
11	3	132.38	-100.99
11	3	156.46	-156.03
11	3	154.04	-68.78
11	3	162.03	-124.88
11	3	122.00	-153.76
11	3	-167.02	109.33
11	3	150.12	-131.67
11	3	139.74	-69.39
11	3	140.32	-67.79
11	3	153.26	-155.70
11	3	155.57	-160.22
11	3	142.67	-72.29
11	3	100.95	-111.37
11	3	160.91	-129.87
11	3	168.27	-103.02
11	3	163.17	177.06
11	3	167.18	-111.73
11	3	-148.07	74.74
11	3	-171.85	-151.97
11	3	163.06	177.23
11	3	150.76	-73.64
11	3	122.45	-40.99
11	3	-172.16	-179.98
11	3	151.86	-69.32
11	3	140.57	-128.01
12	0	135.46	-121.57
12	0	131.39	-138.37
12	0	132.13	-123.11
12	0	130.84	-136.47
12	0	137.76	-131.79
12	0	123.53	-115.81
12	0	128.60	-125.11
12	0	131.95	-132.43
12	0	129.01	-130.80
12	0	122.43	-109.32
12	0	134.81	-116.74
12	0	137.40	-117.75
12	0	125.77	-121.96
12	0	134.66	-141.53
12	0	136.63	-131.89
12	0	142.30	-111.71
12	0	39.12	61.97
12	0	135.74	-109.66
12	0	128.01	-122.51
12	0	146.78	-130.10
12	0	122.10	-124.40
12	0	13.53	81.32
12	0	120.30	-128.06
12	0	126.54	-128.55
12	0	126.26	-122.93
12	0	141.11	-116.14
12	0	124.33	-133.86
12	0	133.21	-84.50
12	0	145.31	-130.52
12	0	124.72	-125.45
12	0	134.50	-108.69
12	0	136.44	-149.29
12	0	137.30	-105.19
12	0	128.63	-122.48
12	0	124.63	-133.24
12	0	128.93	-138.70
12	0	137.33	-116.82
12	0	148.48	-128.69
12	0	142.67	-129.13
12	0	157.00	-102.71
12	0	136.79	-118.81
12	0	123.26	-120.84
12	0	140.29	-122.46
12	0	130.13	-147.21
12	0	122.80	-119.27
12	0	142.77	-119.92
12	0	145.41	-127.71
12	0	131.52	-108.15
12	0	115.08	-148.13
12	0	115.28	-119.04
12	0	141.18	-135.96
12	0	135.82	-142.14
12	1	-27.14	-86.20
12	1	-13.53	-97.21
12	1	-30.84	-106.45
12	1	-6.38	-83.07
12	1	-27.12	-82.26
12	1	-26.32	-76.04
12	1	-28.01	-94.97
12	1	-20.29	-95.05
12	1	-1.51	-105.73
12	1	-24.96	-105.36
12	1	-19.93	-101.53
12	1	-35.56	-63.93
12	1	-27.24	-75.38
12	1	-15.29	-84.70
12	1	-12.13	-136.57
12	1	-28.19	-90.20
12	1	175.10	-138.32
12	1	-22.04	-95.62
12	1	-32.23	-88.82
12	1	-35.74	-62.52
12	1	-23.14	-81.87
12	1	178.95	-148.11
12	1	-28.56	-78.85
12	1	-14.37	-106.02
12	1	-30.58	-93.31
12	1	-45.90	-70.09
12	1	-27.15	-81.37
12	1	-74.92	-88.59
12	1	-31.12	-78.62
12	1	-18.48	-94.28
12	1	-22.22	-96.04
12	1	-25.59	-84.00
12	1	-50.54	-80.79
12	1	-24.25	-89.39
12	1	-11.26	-85.92
12	1	-18.03	-93.78
12	1	-39.06	-89.73
12	1	-40.58	-76.17
12	1	-24.49	-89.46
12	1	-90.89	-79.09
12	1	-39.77	-76.01
12	1	-33.27	-84.80
12	1	-32.81	-76.51
12	1	-18.01	-84.26
12	1	-39.87	-84.29
12	1	-5.69	-98.47
12	1	-34.76	-64.20
12	1	-49.47	-74.08
12	1	8.46	-92.74
12	1	-48.94	-65.50
12	1	-19.82	-82.38
12	1	-15.70	-86.10
12	2	112.11	-124.13
12	2	105.68	-97.91
12	2	132.21	-79.75
12	2	118.44	-127.66
12	2	92.29	-89.86
12	2	81.10	-78.41
12	2	106.37	-93.34
12	2	115.81	-102.62
12	2	128.67	-93.90
12	2	130.14	-86.27
12	2	130.33	-94.57
12	2	87.29	-78.35
12	2	89.16	-80.06
12	2	100.24	-108.74
12	2	138.98	-73.80
12	2	97.16	-102.94
12	2	135.55	-70.87
12	2	62.55	31.81
12	2	96.85	-93.43
12	2	53.89	49.53
12	2	84.61	-81.56
12	2	138.89	-71.81
12	2	88.35	-83.41
12	2	113.30	-110.41
12	2	116.30	-81.38
12	2	106.75	-130.61
12	2	99.18	-79.26
12	2	98.85	-121.37
12	2	108.61	-119.57
12	2	109.61	-121.55
12	2	123.43	-128.81
12	2	97.24	-79.96
12	2	100.18	-105.24
12	2	90.95	-84.31
12	2	105.64	-100.20
12	2	101.25	-92.51
12	2	122.93	-108.75
12	2	106.29	-104.30
12	2	99.11	-133.67
12	2	123.71	-78.64
12	2	99.25	-88.07
12	2	97.58	-84.71
12	2	49.73	64.69
12	2	90.18	-98.51
12	2	105.13	-102.44
12	2	102.86	-85.99
12	2	-7.42	79.01
12	2	99.37	-93.88
12	2	71.81	-79.25
12	2	89.99	-91.40
12	2	99.66	-100.75
12	2	101.80	-106.07
12	3	174.65	-77.04
12	3	165.90	-146.98
12	3	135.70	-144.65
12	3	147.06	-122.34
12	3	142.85	-123.39
12	3	90.40	-73.72
12	3	140.28	-59.51
12	3	155.06	-144.11
12	3	-6.84	-85.32
12	3	-14.71	-83.35
12	3	-7.04	-87.41
12	3	99.88	-89.01
12	3	99.62	-89.01
12	3	174.20	-89.45
12	3	100.12	-84.39
12	3	-171.41	-176.63
12	3	137.43	-71.77
12	3	94.95	-117.12
12	3	129.31	-133.18
12	3	160.69	-62.40
12	3	-176.72	-83.21
12	3	-9.16	-84.65
12	3	147.83	-55.42
12	3	138.21	-80.95
12	3	112.21	-98.90
12	3	116.59	-103.76
12	3	151.88	-74.77
12	3	158.28	-161.28
12	3	-167.93	-99.50
12	3	151.60	-122.02
12	3	162.04	-123.48
12	3	148.60	-67.85
12	3	150.49	-130.72
12	3	-170.23	-81.83
12	3	145.91	-77.93
12	3	169.81	-99.44
12	3	-161.30	-88.68
12	3	161.66	-137.27
12	3	-179.51	-137.83
12	3	122.58	174.61
12	3	165.49	-74.23
12	3	95.45	-89.55
12	3	125.32	-131.81
12	3	152.28	-119.82
12	3	-177.90	-77.05
12	3	142.94	-54.68
12	3	138.94	-149.22
12	3	152.94	-79.48
12	3	119.14	-149.67
12	3	154.91	-159.82
12	3	165.93	-64.49
12	3	152.65	-57.00
13	0	131.60	-139.01
13	0	126.85	-118.16
13	0	53.66	52.38
13	0	127.77	-123.56
13	0	135.12	-119.98
13	0	132.16	-103.12
13	0	152.56	-129.47
13	0	107.85	-122.06
13	0	142.75	-119.42
13	0	146.46	-110.85
13	0	142.19	-135.95
13	0	137.77	-148.45
13	0	141.10	-132.14
13	0	152.23	-137.59
13	0	142.24	-119.74
13	0	134.62	-133.77
13	0	150.61	-110.72
13	0	116.76	-97.91
13	0	152.92	-136.93
13	0	141.55	-157.29
13	0	130.38	-110.38
13	0	95.34	-27.84
13	0	134.75	-131.14
13	0	141.28	-101.11
13	0	139.08	-138.59
13	0	141.79	-136.96
13	0	126.06	-134.29
13	0	142.37	-133.46
13	0	124.27	-137.46
13	0	127.12	-127.33
13	0	143.02	-127.60
13	0	139.35	-129.34
13	0	132.99	-114.46
13	0	124.78	-91.87
13	0	128.52	-112.66
13	0	133.58	-125.40
13	0	-174.80	-87.98
13	0	143.56	-122.12
13	0	132.63	-130.48
13	0	140.69	-133.07
13	0	139.88	-123.07
13	0	140.30	-108.41
13	0	128.67	-123.18
13	0	124.48	-110.67
13	0	149.12	-136.23
13	0	124.97	-113.50
13	0	139.60	-134.22
13	1	-14.74	-88.42
13	1	-21.60	-99.26
13	1	168.46	-108.51
13	1	-24.53	-76.16
13	1	-25.38	-92.07
13	1	-36.29	-87.22
13	1	-48.11	-44.41
13	1	-20.77	-107.47
13	1	-42.07	-88.35
13	1	-36.26	-69.75
13	1	-14.40	-96.78
13	1	-14.58	-90.46
13	1	-30.31	-67.34
13	1	-48.37	-84.35
13	1	-71.53	-72.57
13	1	-34.05	-69.11
13	1	-50.17	-81.97
13	1	-52.00	-77.70
13	1	-74.72	4.67
13	1	-25.25	-66.61
13	1	-41.02	-99.37
13	1	-153.84	-92.77
13	1	-17.64	-80.82
13	1	-100.50	-97.00
13	1	-20.45	-85.63
13	1	-48.99	-63.05
13	1	-32.95	-84.98
13	1	-32.93	-51.75
13	1	-22.19	-86.23
13	1	-35.14	-78.00
13	1	-29.14	-82.19
13	1	-28.70	-75.02
13	1	-34.67	-93.58
13	1	-50.85	-102.03
13	1	-43.33	-87.00
13	1	-28.98	-83.91
13	1	134.38	-166.00
13	1	-26.47	-98.91
13	1	-28.40	-80.62
13	1	-54.19	-42.18
13	1	-41.00	-62.84
13	1	-51.32	-108.90
13	1	-25.14	-92.73
13	1	-40.45	-94.57
13	1	-10.45	-89.45
13	1	-35.39	-103.06
13	1	-19.15	-78.63
13	2	107.80	-99.55
13	2	101.96	-70.97
13	2	122.66	-83.60
13	2	89.47	-88.48
13	2	105.11	-77.18
13	2	100.03	-79.62
13	2	82.33	-92.74
13	2	114.63	-85.84
13	2	117.83	-98.87
13	2	89.32	-96.45
13	2	108.06	-93.24
13	2	76.50	-87.81
13	2	72.75	-102.44
13	2	103.47	-71.16
13	2	120.09	-75.89
13	2	100.60	-97.98
13	2	99.28	-98.69
13	2	73.01	-95.10
13	2	78.35	-98.68
13	2	93.93	-133.48
13	2	128.12	-97.00
13	2	113.94	-95.80
13	2	98.62	-131.71
13	2	137.49	-91.05
13	2	100.70	-112.99
13	2	99.92	-84.03
13	2	91.57	-73.71
13	2	82.23	-122.42
13	2	86.60	-86.18
13	2	86.51	-92.67
13	2	93.76	-93.47
13	2	93.42	-113.54
13	2	114.82	-106.24
13	2	117.74	-100.33
13	2	117.87	-121.11
13	2	97.41	-78.30
13	2	101.23	-86.64
13	2	92.98	-103.98
13	2	60.08	37.64
13	2	40.68	46.97
13	2	144.49	-132.25
13	2	136.98	-60.85
13	2	97.73	-101.35
13	2	93.81	-79.34
13	2	99.14	-81.87
13	2	126.76	-138.97
13	2	92.70	-92.03
13	3	141.34	-137.92
13	3	86.54	-94.48
13	3	165.93	-118.16
13	3	98.17	-94.92
13	3	113.22	-103.38
13	3	94.44	-79.39
13	3	169.06	-143.01
13	3	123.59	-171.42
13	3	171.76	-67.61
13	3	-179.08	-85.79
13	3	174.92	-68.49
13	3	166.96	-142.24
13	3	166.70	-78.30
13	3	128.03	-157.15
13	3	149.00	-90.58
13	3	146.64	-70.01
13	3	-170.56	-94.96
13	3	168.11	176.91
13	3	163.82	-168.79
13	3	177.19	-116.35
13	3	178.65	172.07
13	3	153.97	-67.31
13	3	145.74	-76.87
13	3	144.78	-161.60
13	3	169.55	-127.62
13	3	173.21	-86.45
13	3	157.73	-150.24
13	3	177.46	-60.80
13	3	169.13	-177.32
13	3	178.61	-167.16
13	3	165.45	-76.76
13	3	-177.87	-178.21
13	3	120.69	-101.62
13	3	131.66	-152.93
13	3	-169.24	76.69
13	3	144.00	-73.34
13	3	94.23	-81.81
13	3	153.12	-155.80
13	3	134.59	-156.49
13	3	114.53	-93.10
13	3	90.86	-131.05
13	3	132.47	-56.99
13	3	136.62	178.38
13	3	51.61	65.83
13	3	96.77	-80.71
13	3	172.62	-124.21
13	3	150.31	102.99
14	0	92.06	-117.16
14	0	127.22	-162.42
14	0	148.96	-127.73
14	0	134.70	-121.20
14	0	129.09	-129.73
14	0	115.03	-105.44
14	0	45.22	53.06
14	0	136.35	-98.98
14	0	126.47	-136.87
14	0	131.76	-152.58
14	0	122.88	-136.58
14	0	127.75	-125.02
14	0	143.16	-134.59
14	0	127.75	-126.90
14	0	134.34	-99.04
14	0	132.19	-135.98
14	0	139.44	-105.93
14	0	155.83	-132.19
14	0	147.05	-157.98
14	0	179.94	-86.70
14	0	140.95	-133.95
14	0	137.65	-129.24
14	0	7.68	-93.02
14	0	132.74	-120.75
14	0	123.73	-143.96
14	0	145.61	-102.19
14	0	137.65	-140.23
14	0	139.52	-116.73
14	0	139.64	-141.35
14	0	133.49	-109.86
14	0	138.66	-142.39
14	0	136.78	-125.89
14	0	130.73	-135.29
14	0	133.59	-111.67
14	0	132.10	-119.94
14	0	143.11	-139.63
14	1	-0.34	-121.41
14	1	8.28	-96.98
14	1	-55.07	-82.38
14	1	-31.21	-94.44
14	1	-37.55	-79.94
14	1	-51.73	-118.96
14	1	174.78	-140.81
14	1	-88.51	-47.36
14	1	-18.63	-81.63
14	1	-10.94	-90.75
14	1	-16.92	-93.87
14	1	-31.98	-68.90
14	1	-47.47	-81.13
14	1	-34.89	-86.48
14	1	-54.12	-95.81
14	1	-15.49	-91.42
14	1	-43.26	-105.07
14	1	-19.23	-90.49
14	1	-0.66	-118.14
14	1	134.56	-165.32
14	1	-20.69	-97.82
14	1	-47.87	-64.44
14	1	-23.95	-59.58
14	1	-36.25	-99.82
14	1	-23.19	-81.11
14	1	-43.55	-80.09
14	1	-21.94	-90.61
14	1	-32.41	-93.41
14	1	-16.87	-90.08
14	1	-46.24	-90.30
14	1	-17.01	-86.96
14	1	-32.20	-69.93
14	1	-23.85	-80.01
14	1	-38.23	-92.50
14	1	-30.11	-73.99
14	1	-17.24	-86.51
14	2	107.81	-81.25
14	2	96.36	-93.36
14	2	111.27	-68.52
14	2	29.65	83.16
14	2	31.53	59.30
14	2	135.23	-71.28
14	2	131.63	-48.67
14	2	84.78	-87.95
14	2	93.61	-102.25
14	2	100.28	-100.07
14	2	64.36	35.61
14	2	121.12	-85.58
14	2	102.80	-106.22
14	2	99.10	-102.39
14	2	108.85	-103.51
14	2	98.20	-79.49
14	2	128.65	-62.68
14	2	102.64	-98.40
14	2	136.44	-82.02
14	2	112.13	-109.68
14	2	115.88	-100.79
14	2	95.42	-80.90
14	2	17.55	-107.68
14	2	119.53	-98.08
14	2	83.00	-84.62
14	2	104.29	-110.21
14	2	99.10	-102.94
14	2	100.31	-112.77
14	2	99.54	-110.88
14	2	113.96	-120.09
14	2	101.43	-95.18
14	2	74.67	-104.01
14	2	89.56	-95.65
14	2	102.78	-97.47
14	2	101.63	-93.07
14	2	106.91	-106.74
14	3	-20.13	-83.39
14	3	-173.46	-86.28
14	3	150.09	-162.44
14	3	-145.55	100.85
14	3	150.37	-158.71
14	3	150.98	-155.64
14	3	173.12	-78.42
14	3	145.53	-135.59
14	3	173.08	-146.47
14	3	148.25	-134.07
14	3	148.19	-72.47
14	3	-11.80	-63.06
14	3	177.34	-128.58
14	3	151.11	-146.80
14	3	167.94	-166.13
14	3	158.38	-72.76
14	3	-170.07	-79.34
14	3	159.23	-73.53
14	3	8.44	83.60
14	3	163.93	-168.67
14	3	168.89	-157.52
14	3	134.45	-139.19
14	3	-38.23	-50.59
14	3	157.59	-125.61
14	3	143.30	-55.29
14	3	128.07	-128.88
14	3	159.62	-93.10
14	3	162.26	-110.62
14	3	157.81	-119.62
14	3	171.68	-116.31
14	3	131.98	-50.03
14	3	-179.21	-171.99
14	3	146.68	-172.11
14	3	171.16	-74.35
14	3	109.97	-71.94
14	3	158.94	-123.39
15	0	144.11	-135.91
15	0	142.58	-117.69
15	0	132.26	-142.32
15	0	141.12	-140.06
15	0	140.39	-131.87
15	0	122.48	-134.59
15	0	142.94	-141.17
15	0	117.33	-99.02
15	0	138.04	-20.15
15	0	137.41	-126.89
15	0	129.55	-113.57
15	0	30.90	-121.46
15	0	145.25	-148.33
15	0	134.17	-120.20
15	0	113.75	-143.48
15	0	158.96	-135.32
15	0	145.36	-112.98
15	0	146.55	-135.44
15	0	143.80	-136.35
15	0	142.35	-128.95
15	0	128.97	-117.92
15	0	120.01	-115.11
15	0	128.22	-128.55
15	0	130.43	-119.54
15	0	121.26	-131.16
15	1	-32.24	-72.02
15	1	-37.96	-105.75
15	1	-12.61	-95.06
15	1	-17.59	-83.11
15	1	-27.60	-95.57
15	1	-46.63	-80.11
15	1	-20.53	-97.52
15	1	-47.63	-88.17
15	1	-177.98	-145.02
15	1	-23.19	-82.25
15	1	-41.78	-88.93
15	1	-14.44	-65.99
15	1	-6.43	-114.35
15	1	-16.82	-117.96
15	1	-14.84	-80.74
15	1	-57.71	-111.40
15	1	-31.26	-81.78
15	1	-24.44	-80.43
15	1	-5.87	-99.50
15	1	-60.02	-62.77
15	1	-35.16	-86.64
15	1	-22.61	-99.23
15	1	-20.24	-92.60
15	1	-40.14	-89.85
15	1	2.45	-116.65
15	2	99.47	-91.96
15	2	140.38	-115.36
15	2	110.40	-101.70
15	2	92.75	-93.94
15	2	133.63	-81.43
15	2	88.26	-137.36
15	2	153.67	-63.55
15	2	99.64	-75.18
15	2	109.64	-92.92
15	2	106.18	-104.99
15	2	105.69	-92.18
15	2	-27.32	-63.38
15	2	151.58	-108.33
15	2	133.28	-81.41
15	2	83.44	-84.81
15	2	153.09	-73.34
15	2	133.93	-123.77
15	2	91.10	-114.28
15	2	126.15	-134.18
15	2	103.62	-102.32
15	2	96.22	-87.16
15	2	106.89	-70.77
15	2	92.46	-92.38
15	2	113.44	-102.92
15	2	105.28	-87.72
15	3	159.42	175.24
15	3	-2.94	-86.29
15	3	152.77	-152.40
15	3	164.54	-171.92
15	3	-15.50	-102.48
15	3	-44.75	-117.09
15	3	-52.54	-74.39
15	3	115.33	-133.77
15	3	156.45	-175.07
15	3	127.63	-103.09
15	3	152.50	-62.15
15	3	-27.91	-61.83
15	3	167.73	-89.30
15	3	-8.87	-87.44
15	3	153.43	-75.26
15	3	124.44	-62.33
15	3	29.44	-112.88
15	3	165.67	-90.45
15	3	4.41	-83.26
15	3	166.21	-158.79
15	3	158.14	-163.95
15	3	77.95	-105.05
15	3	-139.91	78.80
15	3	-165.42	-72.11
15	3	129.26	-71.16
16	0	128.28	-146.32
16	0	123.73	-117.79
16	0	144.06	-141.72
16	0	139.78	-122.64
16	0	124.90	-143.79
16	0	134.51	-122.73
16	0	127.32	-128.16
16	0	128.74	-140.36
16	0	129.15	-117.74
16	0	138.01	-123.97
16	0	136.44	-119.08
16	0	125.88	-108.33
16	0	-166.58	-95.06
16	0	136.63	-149.15
16	0	137.82	-101.14
16	0	135.89	-93.72
16	0	139.13	-89.30
16	0	126.10	-142.66
16	0	149.63	-135.50
16	0	145.90	-119.03
16	0	135.67	-111.93
16	0	136.35	-121.46
16	0	127.43	-140.86
16	1	-18.86	-80.98
16	1	-19.26	-85.12
16	1	-26.75	-81.24
16	1	-39.99	-70.00
16	1	-13.76	-91.27
16	1	-38.79	-89.03
16	1	-28.99	-98.00
16	1	-19.60	-92.30
16	1	-55.03	-84.90
16	1	-38.36	-79.52
16	1	-30.05	-83.18
16	1	-35.31	-84.90
16	1	117.29	-164.44
16	1	1.46	-93.08
16	1	-30.84	-118.16
16	1	-64.76	-85.94
16	1	-88.56	-100.91
16	1	-10.13	-100.71
16	1	-37.09	-95.39
16	1	-34.32	-79.04
16	1	-37.85	-96.27
16	1	-28.45	-85.69
16	1	-3.00	-92.75
16	2	91.40	-100.92
16	2	70.84	-71.10
16	2	103.35	-103.69
16	2	84.46	-98.75
16	2	104.67	-99.24
16	2	94.05	-89.32
16	2	122.67	-85.59
16	2	93.57	-73.36
16	2	100.01	-79.60
16	2	89.04	-78.95
16	2	96.40	-82.16
16	2	92.18	-57.95
16	2	109.68	-110.99
16	2	97.28	-126.26
16	2	156.46	-113.08
16	2	80.58	-129.45
16	2	145.94	-107.37
16	2	94.07	-76.41
16	2	146.12	-88.53
16	2	49.11	53.36
16	2	101.69	-96.12
16	2	98.28	-94.37
16	2	108.90	-117.75
16	3	127.21	-104.22
16	3	71.09	-148.53
16	3	-160.41	65.77
16	3	168.68	-86.46
16	3	147.58	-158.06
16	3	114.44	-95.43
16	3	124.51	-129.05
16	3	152.39	-151.59
16	3	112.49	72.03
16	3	118.62	-101.70
16	3	6.47	81.90
16	3	72.62	-99.89
16	3	152.59	-130.01
16	3	165.71	-78.89
16	3	-13.32	-71.52
16	3	161.97	-120.68
16	3	169.73	-154.30
16	3	150.05	-75.62
16	3	-5.24	-84.33
16	3	83.49	-97.05
16	3	-170.36	-175.30
16	3	142.23	-83.42
16	3	166.28	-76.82
17	0	130.90	-135.49
17	0	116.48	-109.23
17	0	126.00	-81.66
17	0	119.37	-126.63
17	0	121.69	-95.45
17	0	118.50	-129.90
17	0	145.79	-104.74
17	0	126.91	-142.03
17	0	124.11	-140.04
17	0	141.88	-136.56
17	0	136.12	-142.69
17	0	138.39	-122.19
17	0	141.82	-122.74
17	0	127.45	-99.69
17	0	131.48	-121.11
17	0	129.14	-104.30
17	0	115.37	-112.63
17	1	-20.82	-89.50
17	1	-13.88	-83.29
17	1	-65.15	-102.23
17	1	-47.37	-75.64
17	1	-57.09	-92.23
17	1	1.64	-110.75
17	1	-54.20	-108.54
17	1	-5.21	-104.43
17	1	-17.33	-93.33
17	1	-16.79	-104.43
17	1	-20.84	-83.01
17	1	-11.91	-118.84
17	1	-32.25	-96.31
17	1	-41.43	-82.10
17	1	-27.21	-83.21
17	1	-39.02	-107.49
17	1	-29.07	-109.61
17	2	97.33	-100.23
17	2	-149.81	-97.21
17	2	111.30	-94.52
17	2	59.95	-111.09
17	2	95.94	-88.17
17	2	123.29	-120.00
17	2	125.20	-57.48
17	2	101.28	-129.34
17	2	91.61	-81.62
17	2	106.39	-79.53
17	2	102.95	-97.54
17	2	150.91	-124.07
17	2	118.58	-123.63
17	2	75.08	-84.74
17	2	97.36	-97.24
17	2	115.03	-102.61
17	2	107.59	-91.78
17	3	122.33	-87.73
17	3	137.57	-63.77
17	3	82.95	-98.51
17	3	-34.44	-78.90
17	3	153.95	-81.71
17	3	14.77	-94.60
17	3	171.27	100.39
17	3	175.18	-154.71
17	3	127.55	-132.65
17	3	161.07	-157.92
17	3	133.79	-51.19
17	3	4.15	-98.96
17	3	159.83	-96.96
17	3	123.50	-106.18
17	3	177.56	87.39
17	3	156.43	-142.11
17	3	65.42	-134.82
18	0	142.09	-104.95
18	0	147.80	-120.35
18	0	136.57	-122.43
18	0	126.41	-120.22
18	0	124.45	-125.02
18	0	137.81	-128.90
18	0	132.35	-108.31
18	0	133.77	-124.85
18	0	136.24	-116.79
18	0	123.15	-111.60
18	0	141.45	-121.74
18	0	130.12	-123.58
18	0	109.78	-133.56
18	0	153.60	-157.24
18	0	143.65	-119.11
18	0	128.08	-116.77
18	0	127.36	-144.26
18	0	127.11	-138.91
18	0	131.99	-129.10
18	0	126.11	-142.02
18	1	-36.22	-120.47
18	1	-52.20	-101.62
18	1	-14.75	-101.77
18	1	-37.93	-98.89
18	1	-17.60	-89.55
18	1	-16.17	-101.96
18	1	-34.39	-111.60
18	1	-24.62	-88.44
18	1	-6.74	-88.04
18	1	-46.60	-57.30
18	1	-40.42	-98.33
18	1	-51.06	-90.44
18	1	-16.93	-103.87
18	1	-42.11	-75.51
18	1	-32.00	-102.60
18	1	-27.76	-92.91
18	1	-15.39	-80.33
18	1	-37.03	-78.52
18	1	-16.58	-98.10
18	1	-18.77	-86.17
18	2	161.00	-103.16
18	2	153.05	-115.93
18	2	125.01	-102.29
18	2	98.81	-99.91
18	2	100.85	-91.46
18	2	138.04	-106.08
18	2	126.21	-129.66
18	2	103.24	-106.48
18	2	117.15	-116.88
18	2	83.83	-107.08
18	2	154.81	-70.17
18	2	121.40	-118.06
18	2	105.78	-110.14
18	2	142.73	-73.34
18	2	136.68	-76.88
18	2	105.21	-86.01
18	2	84.06	-89.70
18	2	97.85	-86.46
18	2	108.28	-114.36
18	2	96.49	-116.49
18	3	85.11	47.65
18	3	-7.39	-72.64
18	3	-15.77	-81.52
18	3	123.49	-120.64
18	3	152.18	-61.89
18	3	-8.81	-83.07
18	3	140.90	-116.61
18	3	168.96	-157.10
18	3	-8.45	-77.08
18	3	164.77	170.46
18	3	43.05	59.31
18	3	166.13	-148.67
18	3	154.19	-123.82
18	3	24.13	-115.92
18	3	-12.18	-90.27
18	3	152.67	-59.08
18	3	146.09	-171.41
18	3	167.44	-74.46
18	3	143.27	-115.20
18	3	168.90	-120.33
19	0	142.76	-105.86
19	0	128.17	-133.77
19	0	142.83	-165.66
19	0	135.85	-112.65
19	0	141.82	-123.34
19	0	132.97	-100.10
19	0	119.59	-113.88
19	0	141.81	-127.28
19	0	135.28	-114.52
19	0	110.90	-118.48
19	0	152.42	-159.09
19	0	144.82	-139.50
19	0	96.98	-102.67
19	1	-50.27	-56.30
19	1	-25.07	-104.77
19	1	-25.39	-85.52
19	1	-35.67	-92.13
19	1	-48.51	-74.21
19	1	-53.93	-121.76
19	1	-38.43	-78.56
19	1	-34.94	-89.27
19	1	-55.39	93.93
19	1	-35.08	-74.43
19	1	-24.52	-118.61
19	1	-7.56	-107.03
19	1	-60.39	-55.08
19	2	154.20	-73.45
19	2	113.26	-88.69
19	2	119.35	-117.62
19	2	118.46	-138.27
19	2	106.69	-112.24
19	2	149.54	-72.41
19	2	107.23	-126.01
19	2	121.14	-118.63
19	2	4.89	-63.25
19	2	138.06	-76.52
19	2	143.21	-86.68
19	2	105.84	-83.61
19	2	122.02	-125.27
19	3	1.15	-91.27
19	3	-178.26	83.89
19	3	114.13	-158.80
19	3	176.39	-169.84
19	3	176.14	-121.43
19	3	153.01	104.28
19	3	167.89	-66.81
19	3	-167.22	-84.51
19	3	-144.84	-157.52
19	3	24.23	-77.46
19	3	155.83	-179.28
19	3	158.05	-87.40
19	3	39.62	38.76
20	0	124.42	-132.60
20	0	127.15	-90.81
20	0	147.07	-146.83
20	0	120.36	-139.50
20	0	129.35	-128.30
20	0	126.02	-132.04
20	0	135.76	-128.20
20	0	131.76	-124.88
20	0	166.99	-127.58
20	1	-18.42	-97.44
20	1	-71.06	-104.27
20	1	-28.82	-84.50
20	1	-33.67	-88.38
20	1	-26.26	-83.58
20	1	-25.79	-80.90
20	1	-5.86	-117.63
20	1	-18.98	-103.98
20	1	-59.09	-84.96
20	2	103.24	-78.72
20	2	116.12	-66.99
20	2	101.81	-113.96
20	2	114.78	-122.56
20	2	94.04	-95.41
20	2	85.95	-90.51
20	2	130.61	-107.02
20	2	112.58	-88.70
20	2	114.25	-77.78
20	3	-178.93	-159.07
20	3	152.30	-166.97
20	3	159.14	-145.44
20	3	-160.07	-97.98
20	3	165.44	-82.86
20	3	147.59	-162.51
20	3	23.08	74.93
20	3	161.58	-129.78
20	3	148.98	-66.52
21	0	129.57	-155.10
21	0	133.32	-116.10
21	0	138.38	-146.03
21	0	110.38	-170.74
21	1	3.36	-109.99
21	1	-33.29	-94.84
21	1	-11.34	-80.43
21	1	29.91	-115.09
21	2	121.70	-97.28
21	2	132.92	-113.13
21	2	62.58	66.60
21	2	121.35	-89.29
21	3	155.29	-149.66
21	3	-5.41	-76.34
21	3	114.00	151.83
21	3	131.54	-150.74
22	0	128.70	-136.30
22	0	138.73	-126.11
22	0	120.23	-125.03
22	0	121.87	-115.77
22	0	130.75	-126.46
22	1	-24.67	-88.39
22	1	-19.38	-93.82
22	1	-32.43	-79.32
22	1	-39.17	-109.45
22	1	-34.91	-68.40
22	2	107.31	-100.51
22	2	75.61	-147.01
22	2	76.61	-86.31
22	2	130.71	-113.72
22	2	94.64	-114.11
22	3	157.90	173.57
22	3	135.33	-64.70
22	3	97.92	-111.87
22	3	165.12	-163.06
22	3	168.48	168.60
23	0	144.79	-138.55
23	1	-47.08	-52.57
23	2	144.56	-126.09
23	3	122.54	-69.92
24	0	129.11	-136.50
24	0	124.29	-129.26
24	0	123.56	-128.70
24	0	114.41	-121.20
24	0	123.23	-144.25
24	0	129.43	-123.78
24	0	124.53	-127.25
24	0	117.78	-129.19
24	1	-18.14	-83.96
24	1	-19.27	-93.15
24	1	-25.65	-95.70
24	1	-35.22	-91.04
24	1	-10.42	-107.43
24	1	-11.63	-91.34
24	1	-27.88	-95.31
24	1	-28.63	-103.15
24	2	94.99	-83.23
24	2	113.87	-131.31
24	2	104.93	-100.17
24	2	112.13	-109.81
24	2	117.09	-107.99
24	2	98.19	-70.01
24	2	102.13	-96.27
24	2	121.59	-103.63
24	3	147.49	-60.29
24	3	178.21	-123.44
24	3	146.03	-137.92
24	3	150.23	-155.76
24	3	145.94	-133.64
24	3	-42.84	111.22
24	3	131.85	-112.16
24	3	162.60	-152.65
25	0	32.00	56.05
25	1	-176.52	-136.15
25	2	127.96	-90.39
25	3	154.22	-81.29
26	0	131.83	-144.34
26	1	-5.58	-99.61
26	2	112.53	-101.99
26	3	163.39	-152.53
27	0	135.94	-142.26
27	1	-4.72	-106.61
27	2	115.78	-101.17
27	3	158.61	-158.43
28	0	130.37	-125.33
28	1	-25.23	-98.30
28	2	116.18	-82.37
28	3	132.13	-169.64
29	0	127.22	-99.28
29	1	-80.41	-109.63
29	2	130.21	-99.37
29	3	148.09	-148.51
56	0	144.63	-104.21
56	1	-76.25	-81.67
56	2	125.62	-94.86
56	3	157.19	-162.21
61	0	131.00	-136.59
61	1	-41.88	-86.42
61	2	120.78	-86.75
61	3	156.06	-160.69
